   0.00000000       15.1000004       15.0000000    
  0.100000001       15.0500002       15.1000004    
  0.200000003       14.8490000       15.0500002    
  0.300000012       14.4974995       14.8490000    
  0.400000006       13.9975090       14.4974995    
  0.500000000       13.3525438       13.9975090    
  0.600000024       12.5676041       13.3525438    
  0.699999988       11.6491385       12.5676041    
  0.800000012       10.6049967       11.6491385    
  0.900000036       9.44436359       10.6049967    
   1.00000000       8.17768097       9.44436359    
   1.10000002       6.81655407       8.17768097    
   1.20000005       5.37365055       6.81655407    
   1.30000007       3.86258173       5.37365055    
   1.39999998       2.29777622       3.86258173    
   1.50000000      0.694344878       2.29777622    
   1.60000002     -0.932064295      0.694344878    
   1.70000005      -2.56541681     -0.932064295    
   1.80000007      -4.18944883      -2.56541681    
   1.89999998      -5.78782654      -4.18944883    
   2.00000000      -7.34430981      -5.78782654    
   2.10000014      -8.84291458      -7.34430981    
   2.20000005      -10.2680769      -8.84291458    
   2.29999995      -11.6048098      -10.2680769    
   2.40000010      -12.8388615      -11.6048098    
   2.50000000      -13.9568653      -12.8388615    
   2.60000014      -14.9464808      -13.9568653    
   2.70000005      -15.7965279      -14.9464808    
   2.79999995      -16.4971104      -15.7965279    
   2.90000010      -17.0397263      -16.4971104    
   3.00000000      -17.4173717      -17.0397263    
   3.10000014      -17.6246204      -17.4173717    
   3.20000005      -17.6576958      -17.6246204    
   3.29999995      -17.5145245      -17.6576958    
   3.40000010      -17.1947765      -17.5145245    
   3.50000000      -16.6998825      -17.1947765    
   3.60000014      -16.0330410      -16.6998825    
   3.70000005      -15.1992006      -16.0330410    
   3.79999995      -14.2050295      -15.1992006    
   3.90000010      -13.0588665      -14.2050295    
   4.00000000      -11.7706528      -13.0588665    
   4.09999990      -10.3518505      -11.7706528    
   4.20000029      -8.81534195      -10.3518505    
   4.30000019      -7.17531490      -8.81534195    
   4.40000010      -5.44713449      -7.17531490    
   4.50000000      -3.64720106      -5.44713449    
   4.59999990      -1.79279625      -3.64720106    
   4.70000029       9.80805159E-02  -1.79279625    
   4.80000019       2.00688529       9.80805159E-02
   4.90000010       3.91470909       2.00688529    
   5.00000000       5.80246401       3.91470909    
   5.09999990       7.65107203       5.80246401    
   5.20000029       9.44165516       7.65107203    
   5.30000019       11.1557274       9.44165516    
   5.40000010       12.7753830       11.1557274    
   5.50000000       14.2834816       12.7753830    
   5.59999990       15.6638260       14.2834816    
   5.70000029       16.9013367       15.6638260    
   5.80000019       17.9822083       16.9013367    
   5.90000010       18.8940659       17.9822083    
   6.00000000       19.6261024       18.8940659    
   6.09999990       20.1691990       19.6261024    
   6.20000029       20.5160332       20.1691990    
   6.30000019       20.6611767       20.5160332    
   6.40000010       20.6011581       20.6611767    
   6.50000000       20.3345280       20.6011581    
   6.59999990       19.8618870       20.3345280    
   6.70000029       19.1858997       19.8618870    
   6.80000019       18.3112946       19.1858997    
   6.90000010       17.2448311       18.3112946    
   7.00000000       15.9952536       17.2448311    
  
   0.00000000       28.5779743       30.0000000    
  0.100000001       26.8559494       28.5779743    
  0.200000003       24.8481445       26.8559494    
  0.300000012       22.5717793       24.8481445    
  0.400000006       20.0469322       22.5717793    
  0.500000000       17.2963676       20.0469322    
  0.600000024       14.3453341       17.2963676    
  0.699999988       11.2213373       14.3453341    
  0.800000012       7.95388699       11.2213373    
  0.900000036       4.57422304       7.95388699    
   1.00000000       1.11502051       4.57422304    
   1.10000002      -2.38992453       1.11502051    
   1.20000005      -5.90602016      -2.38992453    
   1.30000007      -9.39821625      -5.90602016    
   1.39999998      -12.8313522      -9.39821625    
   1.50000000      -16.1705055      -12.8313522    
   1.60000002      -19.3813457      -16.1705055    
   1.70000005      -22.4304810      -19.3813457    
   1.80000007      -25.2858028      -22.4304810    
   1.89999998      -27.9168205      -25.2858028    
   2.00000000      -30.2949791      -27.9168205    
   2.10000014      -32.3939705      -30.2949791    
   2.20000005      -34.1900101      -32.3939705    
   2.29999995      -35.6621132      -34.1900101    
   2.40000010      -36.7923126      -35.6621132    
   2.50000000      -37.5658913      -36.7923126    
   2.60000014      -37.9715500      -37.5658913    
   2.70000005      -38.0015488      -37.9715500    
   2.79999995      -37.6518326      -38.0015488    
   2.90000010      -36.9221001      -37.6518326    
   3.00000000      -35.8158493      -36.9221001    
   3.10000014      -34.3403778      -35.8158493    
   3.20000005      -32.5067482      -34.3403778    
   3.29999995      -30.3297138      -32.5067482    
   3.40000010      -27.8276119      -30.3297138    
   3.50000000      -25.0222130      -27.8276119    
   3.60000014      -21.9385376      -25.0222130    
   3.70000005      -18.6046410      -21.9385376    
   3.79999995      -15.0513582      -18.6046410    
   3.90000010      -11.3120289      -15.0513582    
   4.00000000      -7.42218590      -11.3120289    
   4.09999990      -3.41922235      -7.42218590    
   4.20000029      0.657962799      -3.41922235    
   4.30000019       4.76934004      0.657962799    
   4.40000010       8.87413788       4.76934004    
   4.50000000       12.9312420       8.87413788    
   4.59999990       16.8996048       12.9312420    
   4.70000029       20.7386551       16.8996048    
   4.80000019       24.4087105       20.7386551    
   4.90000010       27.8713779       24.4087105    
   5.00000000       31.0899582       27.8713779    
   5.09999990       34.0298271       31.0899582    
   5.20000029       36.6587944       34.0298271    
   5.30000019       38.9474640       36.6587944    
   5.40000010       40.8695450       38.9474640    
   5.50000000       42.4021530       40.8695450    
   5.59999990       43.5260658       42.4021530    
   5.70000029       44.2259560       43.5260658    
   5.80000019       44.4905853       44.2259560    
   5.90000010       44.3129539       44.4905853    
   6.00000000       43.6904182       44.3129539    
   6.09999990       42.6247520       43.6904182    
   6.20000029       41.1221809       42.6247520    
   6.30000019       39.1933632       41.1221809    
   6.40000010       36.8533249       39.1933632    
   6.50000000       34.1213531       36.8533249    
   6.59999990       31.0208473       34.1213531    
   6.70000029       27.5791283       31.0208473    
   6.80000019       23.8271999       27.5791283    
   6.90000010       19.7994804       23.8271999    
   7.00000000       15.5334892       19.7994804    
  
   0.00000000       40.5360146       45.0000000    
  0.100000001       35.6220284       40.5360146    
  0.200000003       30.3026810       35.6220284    
  0.300000012       24.6271133       30.3026810    
  0.400000006       18.6485195       24.6271133    
  0.500000000       12.4236546       18.6485195    
  0.600000024       6.01230478       12.4236546    
  0.699999988     -0.523281097       6.01230478    
  0.800000012      -7.11898947     -0.523281097    
  0.900000036      -13.7094650      -7.11898947    
   1.00000000      -20.2287502      -13.7094650    
   1.10000002      -26.6109409      -20.2287502    
   1.20000005      -32.7908440      -26.6109409    
   1.30000007      -38.7046394      -32.7908440    
   1.39999998      -44.2905235      -38.7046394    
   1.50000000      -49.4893646      -44.2905235    
   1.60000002      -54.2453003      -49.4893646    
   1.70000005      -58.5063400      -54.2453003    
   1.80000007      -62.2249260      -58.5063400    
   1.89999998      -65.3584518      -62.2249260    
   2.00000000      -67.8697281      -65.3584518    
   2.10000014      -69.7274170      -67.8697281    
   2.20000005      -70.9064102      -69.7274170    
   2.29999995      -71.3881302      -70.9064102    
   2.40000010      -71.1607819      -71.3881302    
   2.50000000      -70.2195587      -71.1607819    
   2.60000014      -68.5667267      -70.2195587    
   2.70000005      -66.2117004      -68.5667267    
   2.79999995      -63.1710052      -66.2117004    
   2.90000010      -59.4681931      -63.1710052    
   3.00000000      -55.1336670      -59.4681931    
   3.10000014      -50.2044601      -55.1336670    
   3.20000005      -44.7239189      -50.2044601    
   3.29999995      -38.7413330      -44.7239189    
   3.40000010      -32.3115082      -38.7413330    
   3.50000000      -25.4942684      -32.3115082    
   3.60000014      -18.3539143      -25.4942684    
   3.70000005      -10.9586182      -18.3539143    
   3.79999995      -3.37978268      -10.9586182    
   3.90000010       4.30863905      -3.37978268    
   4.00000000       12.0308580       4.30863905    
   4.09999990       19.7099915       12.0308580    
   4.20000029       27.2688160       19.7099915    
   4.30000019       34.6305389       27.2688160    
   4.40000010       41.7195740       34.6305389    
   4.50000000       48.4623032       41.7195740    
   4.59999990       54.7878380       48.4623032    
   4.70000029       60.6287498       54.7878380    
   4.80000019       65.9217834       60.6287498    
   4.90000010       70.6085281       65.9217834    
   5.00000000       74.6360550       70.6085281    
   5.09999990       77.9574966       74.6360550    
   5.20000029       80.5325775       77.9574966    
   5.30000019       82.3280869       80.5325775    
   5.40000010       83.3182678       82.3280869    
   5.50000000       83.4851685       83.3182678    
   5.59999990       82.8188858       83.4851685    
   5.70000029       81.3177490       82.8188858    
   5.80000019       78.9884262       81.3177490    
   5.90000010       75.8459244       78.9884262    
   6.00000000       71.9135437       75.8459244    
   6.09999990       67.2227020       71.9135437    
   6.20000029       61.8127251       67.2227020    
   6.30000019       55.7305183       61.8127251    
   6.40000010       49.0301857       55.7305183    
   6.50000000       41.7725487       49.0301857    
   6.59999990       34.0246086       41.7725487    
   6.70000029       25.8589439       34.0246086    
   6.80000019       17.3530331       25.8589439    
   6.90000010       8.58853340       17.3530331    
   7.00000000     -0.349496841       8.58853340    
  
