   0.00000000       15.0000000       15.0000000    
  0.100000001       14.9250622       15.0000000    
  0.200000003       14.7009993       15.0000000    
  0.300000012       14.3300476       15.0000000    
  0.400000006       13.8159151       15.0000000    
  0.500000000       13.1637383       15.0000000    
  0.600000024       12.3800344       15.0000000    
  0.699999988       11.4726334       15.0000000    
  0.800000012       10.4506006       15.0000000    
  0.900000036       9.32414913       15.0000000    
   1.00000000       8.10453415       15.0000000    
   1.10000002       6.80394125       15.0000000    
   1.20000005       5.43536568       15.0000000    
   1.30000007       4.01248121       15.0000000    
   1.39999998       2.54950738       15.0000000    
   1.50000000       1.06105793       15.0000000    
   1.60000002     -0.437993199       15.0000000    
   1.70000005      -1.93266821       15.0000000    
   1.80000007      -3.40803242       15.0000000    
   1.89999998      -4.84934330       15.0000000    
   2.00000000      -6.24220276       15.0000000    
   2.10000014      -7.57269335       15.0000000    
   2.20000005      -8.82751751       15.0000000    
   2.29999995      -9.99413967       15.0000000    
   2.40000010      -11.0609074       15.0000000    
   2.50000000      -12.0171537       15.0000000    
   2.60000014      -12.8533325       15.0000000    
   2.70000005      -13.5610828       15.0000000    
   2.79999995      -14.1333342       15.0000000    
   2.90000010      -14.5643730       15.0000000    
   3.00000000      -14.8498878       15.0000000    
   3.10000014      -14.9870272       15.0000000    
   3.20000005      -14.9744215       15.0000000    
   3.29999995      -14.8121967       15.0000000    
   3.40000010      -14.5019732       15.0000000    
   3.50000000      -14.0468502       15.0000000    
   3.60000014      -13.4513760       15.0000000    
   3.70000005      -12.7215004       15.0000000    
   3.79999995      -11.8645163       15.0000000    
   3.90000010      -10.8889837       15.0000000    
   4.00000000      -9.80465412       15.0000000    
   4.09999990      -8.62236023       15.0000000    
   4.20000029      -7.35390854       15.0000000    
   4.30000019      -6.01198530       15.0000000    
   4.40000010      -4.60999155       15.0000000    
   4.50000000      -3.16193700       15.0000000    
   4.59999990      -1.68228936       15.0000000    
   4.70000029     -0.185825661       15.0000000    
   4.80000019       1.31248760       15.0000000    
   4.90000010       2.79768705       15.0000000    
   5.00000000       4.25493288       15.0000000    
   5.09999990       5.66966486       15.0000000    
   5.20000029       7.02775383       15.0000000    
   5.30000019       8.31561756       15.0000000    
   5.40000010       9.52039433       15.0000000    
   5.50000000       10.6300468       15.0000000    
   5.59999990       11.6334867       15.0000000    
   5.70000029       12.5206938       15.0000000    
   5.80000019       13.2827940       15.0000000    
   5.90000010       13.9121771       15.0000000    
   6.00000000       14.4025536       15.0000000    
   6.09999990       14.7490263       15.0000000    
   6.20000029       14.9481316       15.0000000    
   6.30000019       14.9978790       15.0000000    
   6.40000010       14.8977737       15.0000000    
   6.50000000       14.6488152       15.0000000    
   6.59999990       14.2534895       15.0000000    
   6.70000029       13.7157459       15.0000000    
   6.80000019       13.0409613       15.0000000    
   6.90000010       12.2358751       15.0000000    
   7.00000000       11.3085337       15.0000000    
  
   0.00000000       30.0000000       30.0000000    
  0.100000001       29.8501244       30.0000000    
  0.200000003       29.4019985       30.0000000    
  0.300000012       28.6600952       30.0000000    
  0.400000006       27.6318302       30.0000000    
  0.500000000       26.3274765       30.0000000    
  0.600000024       24.7600689       30.0000000    
  0.699999988       22.9452667       30.0000000    
  0.800000012       20.9012012       30.0000000    
  0.900000036       18.6482983       30.0000000    
   1.00000000       16.2090683       30.0000000    
   1.10000002       13.6078825       30.0000000    
   1.20000005       10.8707314       30.0000000    
   1.30000007       8.02496243       30.0000000    
   1.39999998       5.09901476       30.0000000    
   1.50000000       2.12211585       30.0000000    
   1.60000002     -0.875986397       30.0000000    
   1.70000005      -3.86533642       30.0000000    
   1.80000007      -6.81606483       30.0000000    
   1.89999998      -9.69868660       30.0000000    
   2.00000000      -12.4844055       30.0000000    
   2.10000014      -15.1453867       30.0000000    
   2.20000005      -17.6550350       30.0000000    
   2.29999995      -19.9882793       30.0000000    
   2.40000010      -22.1218147       30.0000000    
   2.50000000      -24.0343075       30.0000000    
   2.60000014      -25.7066650       30.0000000    
   2.70000005      -27.1221657       30.0000000    
   2.79999995      -28.2666683       30.0000000    
   2.90000010      -29.1287460       30.0000000    
   3.00000000      -29.6997757       30.0000000    
   3.10000014      -29.9740543       30.0000000    
   3.20000005      -29.9488430       30.0000000    
   3.29999995      -29.6243935       30.0000000    
   3.40000010      -29.0039463       30.0000000    
   3.50000000      -28.0937004       30.0000000    
   3.60000014      -26.9027519       30.0000000    
   3.70000005      -25.4430008       30.0000000    
   3.79999995      -23.7290325       30.0000000    
   3.90000010      -21.7779675       30.0000000    
   4.00000000      -19.6093082       30.0000000    
   4.09999990      -17.2447205       30.0000000    
   4.20000029      -14.7078171       30.0000000    
   4.30000019      -12.0239706       30.0000000    
   4.40000010      -9.21998310       30.0000000    
   4.50000000      -6.32387400       30.0000000    
   4.59999990      -3.36457872       30.0000000    
   4.70000029     -0.371651322       30.0000000    
   4.80000019       2.62497520       30.0000000    
   4.90000010       5.59537411       30.0000000    
   5.00000000       8.50986576       30.0000000    
   5.09999990       11.3393297       30.0000000    
   5.20000029       14.0555077       30.0000000    
   5.30000019       16.6312351       30.0000000    
   5.40000010       19.0407887       30.0000000    
   5.50000000       21.2600937       30.0000000    
   5.59999990       23.2669735       30.0000000    
   5.70000029       25.0413876       30.0000000    
   5.80000019       26.5655880       30.0000000    
   5.90000010       27.8243542       30.0000000    
   6.00000000       28.8051071       30.0000000    
   6.09999990       29.4980526       30.0000000    
   6.20000029       29.8962631       30.0000000    
   6.30000019       29.9957581       30.0000000    
   6.40000010       29.7955475       30.0000000    
   6.50000000       29.2976303       30.0000000    
   6.59999990       28.5069790       30.0000000    
   6.70000029       27.4314919       30.0000000    
   6.80000019       26.0819225       30.0000000    
   6.90000010       24.4717503       30.0000000    
   7.00000000       22.6170673       30.0000000    
  
   0.00000000       45.0000000       45.0000000    
  0.100000001       44.7751884       45.0000000    
  0.200000003       44.1029968       45.0000000    
  0.300000012       42.9901428       45.0000000    
  0.400000006       41.4477425       45.0000000    
  0.500000000       39.4912148       45.0000000    
  0.600000024       37.1401024       45.0000000    
  0.699999988       34.4179001       45.0000000    
  0.800000012       31.3518028       45.0000000    
  0.900000036       27.9724464       45.0000000    
   1.00000000       24.3136024       45.0000000    
   1.10000002       20.4118233       45.0000000    
   1.20000005       16.3060970       45.0000000    
   1.30000007       12.0374441       45.0000000    
   1.39999998       7.64852238       45.0000000    
   1.50000000       3.18317389       45.0000000    
   1.60000002      -1.31397963       45.0000000    
   1.70000005      -5.79800463       45.0000000    
   1.80000007      -10.2240973       45.0000000    
   1.89999998      -14.5480299       45.0000000    
   2.00000000      -18.7266083       45.0000000    
   2.10000014      -22.7180805       45.0000000    
   2.20000005      -26.4825516       45.0000000    
   2.29999995      -29.9824181       45.0000000    
   2.40000010      -33.1827202       45.0000000    
   2.50000000      -36.0514603       45.0000000    
   2.60000014      -38.5599976       45.0000000    
   2.70000005      -40.6832466       45.0000000    
   2.79999995      -42.4000015       45.0000000    
   2.90000010      -43.6931190       45.0000000    
   3.00000000      -44.5496635       45.0000000    
   3.10000014      -44.9610825       45.0000000    
   3.20000005      -44.9232635       45.0000000    
   3.29999995      -44.4365921       45.0000000    
   3.40000010      -43.5059166       45.0000000    
   3.50000000      -42.1405487       45.0000000    
   3.60000014      -40.3541260       45.0000000    
   3.70000005      -38.1645012       45.0000000    
   3.79999995      -35.5935478       45.0000000    
   3.90000010      -32.6669502       45.0000000    
   4.00000000      -29.4139633       45.0000000    
   4.09999990      -25.8670807       45.0000000    
   4.20000029      -22.0617256       45.0000000    
   4.30000019      -18.0359554       45.0000000    
   4.40000010      -13.8299751       45.0000000    
   4.50000000      -9.48581123       45.0000000    
   4.59999990      -5.04686785       45.0000000    
   4.70000029     -0.557476997       45.0000000    
   4.80000019       3.93746281       45.0000000    
   4.90000010       8.39306068       45.0000000    
   5.00000000       12.7647991       45.0000000    
   5.09999990       17.0089951       45.0000000    
   5.20000029       21.0832615       45.0000000    
   5.30000019       24.9468536       45.0000000    
   5.40000010       28.5611839       45.0000000    
   5.50000000       31.8901405       45.0000000    
   5.59999990       34.9004593       45.0000000    
   5.70000029       37.5620804       45.0000000    
   5.80000019       39.8483849       45.0000000    
   5.90000010       41.7365303       45.0000000    
   6.00000000       43.2076607       45.0000000    
   6.09999990       44.2470779       45.0000000    
   6.20000029       44.8443947       45.0000000    
   6.30000019       44.9936371       45.0000000    
   6.40000010       44.6933212       45.0000000    
   6.50000000       43.9464455       45.0000000    
   6.59999990       42.7604675       45.0000000    
   6.70000029       41.1472359       45.0000000    
   6.80000019       39.1228828       45.0000000    
   6.90000010       36.7076263       45.0000000    
   7.00000000       33.9256020       45.0000000    
  
