  -4.00000000      -5.66666698               3
  -3.90000010      -5.18149996               3
  -3.79999995      -4.72533321               3
  -3.70000005      -4.29716682               3
  -3.60000014      -3.89600062               3
  -3.50000000      -3.52083349               3
  -3.40000010      -3.17066669               3
  -3.29999995      -2.84449983               3
  -3.20000005      -2.54133344               3
  -3.10000014      -2.26016736               3
  -3.00000000      -2.00000000               3
  -2.90000010      -1.75983381               3
  -2.79999995      -1.53866673               3
  -2.70000005      -1.33550024               3
  -2.60000014      -1.14933348               3
  -2.50000000     -0.979166746               3
  -2.40000010     -0.824000120               3
  -2.29999995     -0.682833195               3
  -2.20000005     -0.554666758               3
  -2.10000014     -0.438500166               3
  -2.00000000     -0.333333373               3
  -1.89999998     -0.238166690               3
  -1.80000007     -0.152000070               3
  -1.70000005      -7.38333464E-02           3
  -1.60000002      -2.66665220E-03           3
  -1.50000000       6.25000000E-02           3
  -1.39999998      0.122666657               3
  -1.30000007      0.178833306               3
  -1.20000005      0.231999964               3
  -1.10000002      0.283166647               3
  -1.00000000      0.333333313               3
 -0.900000036      0.383499980               3
 -0.800000012      0.434666634               3
 -0.699999988      0.487833351               3
 -0.600000024      0.543999970               3
 -0.500000000      0.604166687               3
 -0.400000006      0.669333339               3
 -0.300000012      0.740500033               3
 -0.200000003      0.818666637               3
 -0.100000001      0.904833317               3
   0.00000000       1.00000000               3
  0.100000001       1.10516667               3
  0.200000003       1.22133338               3
  0.300000012       1.34949994               3
  0.400000006       1.49066663               3
  0.500000000       1.64583337               3
  0.600000024       1.81599998               3
  0.699999988       2.00216675               3
  0.800000012       2.20533323               3
  0.900000036       2.42650008               3
   1.00000000       2.66666675               3
   1.10000002       2.92683315               3
   1.20000005       3.20800018               3
   1.30000007       3.51116705               3
   1.39999998       3.83733344               3
   1.50000000       4.18750000               3
   1.60000002       4.56266689               3
   1.70000005       4.96383333               3
   1.80000007       5.39200020               3
   1.89999998       5.84816647               3
   2.00000000       6.33333349               3
   2.10000014       6.84850073               3
   2.20000005       7.39466667               3
   2.29999995       7.97283268               3
   2.40000010       8.58400059               3
   2.50000000       9.22916698               3
   2.60000014       9.90933418               3
   2.70000005       10.6255007               3
   2.79999995       11.3786659               3
   2.90000010       12.1698341               3
   3.00000000       13.0000000               3
   3.10000014       13.8701687               3
   3.20000005       14.7813339               3
   3.29999995       15.7344990               3
   3.40000010       16.7306671               3
   3.50000000       17.7708340               3
   3.60000014       18.8560028               3
   3.70000005       19.9871674               3
   3.79999995       21.1653328               3
   3.90000010       22.3915024               3
   4.00000000       23.6666679               3
