  -4.00000000      -1.09523845               7
  -3.90000010     -0.896538734               7
  -3.79999995     -0.728491783               7
  -3.70000005     -0.586885571               7
  -3.60000014     -0.467983842               7
  -3.50000000     -0.368478656               7
  -3.40000010     -0.285453677               7
  -3.29999995     -0.216343760               7
  -3.20000005     -0.158901989               7
  -3.10000014     -0.111166477               7
  -3.00000000      -7.14286268E-02           7
  -2.90000010      -3.82077098E-02           7
  -2.79999995      -1.02221966E-02           7
  -2.70000005       1.36325806E-02           7
  -2.60000014       3.43071520E-02           7
  -2.50000000       5.26181012E-02           7
  -2.40000010       6.92673400E-02           7
  -2.29999995       8.48583579E-02           7
  -2.20000005       9.99114811E-02           7
  -2.10000014      0.114879489               7
  -2.00000000      0.130158693               7
  -1.89999998      0.146101832               7
  -1.80000007      0.163027957               7
  -1.70000005      0.181232184               7
  -1.60000002      0.200994283               7
  -1.50000000      0.222586483               7
  -1.39999998      0.246280804               7
  -1.30000007      0.272355288               7
  -1.20000005      0.301100224               7
  -1.10000002      0.332823753               7
  -1.00000000      0.367857099               7
 -0.900000036      0.406559944               7
 -0.800000012      0.449325114               7
 -0.699999988      0.496583998               7
 -0.600000024      0.548811197               7
 -0.500000000      0.606530607               7
 -0.400000006      0.670320034               7
 -0.300000012      0.740818202               7
 -0.200000003      0.818730652               7
 -0.100000001      0.904837430               7
   0.00000000       1.00000000               7
  0.100000001       1.10517097               7
  0.200000003       1.22140276               7
  0.300000012       1.34985864               7
  0.400000006       1.49182475               7
  0.500000000       1.64872122               7
  0.600000024       1.82211840               7
  0.699999988       2.01375127               7
  0.800000012       2.22553635               7
  0.900000036       2.45959139               7
   1.00000000       2.71825409               7
   1.10000002       3.00410533               7
   1.20000005       3.31999445               7
   1.30000007       3.66906118               7
   1.39999998       4.05476761               7
   1.50000000       4.48092890               7
   1.60000002       4.95174265               7
   1.70000005       5.47182512               7
   1.80000007       6.04625082               7
   1.89999998       6.68058920               7
   2.00000000       7.38095284               7
   2.10000014       8.15403652               7
   2.20000005       9.00716496               7
   2.29999995       9.94836044               7
   2.40000010       10.9863758               7
   2.50000000       12.1307592               7
   2.60000014       13.3919277               7
   2.70000005       14.7812119               7
   2.79999995       16.3109398               7
   2.90000010       17.9945049               7
   3.00000000       19.8464298               7
   3.10000014       21.8824673               7
   3.20000005       24.1196556               7
   3.29999995       26.5764275               7
   3.40000010       29.2727108               7
   3.50000000       32.2299805               7
   3.60000014       35.4714050               7
   3.70000005       39.0219154               7
   3.79999995       42.9083328               7
   3.90000010       47.1595116               7
   4.00000000       51.8063507               7
