  -4.00000000      -3.00000000               1
  -3.90000010      -2.90000010               1
  -3.79999995      -2.79999995               1
  -3.70000005      -2.70000005               1
  -3.60000014      -2.60000014               1
  -3.50000000      -2.50000000               1
  -3.40000010      -2.40000010               1
  -3.29999995      -2.29999995               1
  -3.20000005      -2.20000005               1
  -3.10000014      -2.10000014               1
  -3.00000000      -2.00000000               1
  -2.90000010      -1.90000010               1
  -2.79999995      -1.79999995               1
  -2.70000005      -1.70000005               1
  -2.60000014      -1.60000014               1
  -2.50000000      -1.50000000               1
  -2.40000010      -1.40000010               1
  -2.29999995      -1.29999995               1
  -2.20000005      -1.20000005               1
  -2.10000014      -1.10000014               1
  -2.00000000      -1.00000000               1
  -1.89999998     -0.899999976               1
  -1.80000007     -0.800000072               1
  -1.70000005     -0.700000048               1
  -1.60000002     -0.600000024               1
  -1.50000000     -0.500000000               1
  -1.39999998     -0.399999976               1
  -1.30000007     -0.300000072               1
  -1.20000005     -0.200000048               1
  -1.10000002     -0.100000024               1
  -1.00000000       0.00000000               1
 -0.900000036       9.99999642E-02           1
 -0.800000012      0.199999988               1
 -0.699999988      0.300000012               1
 -0.600000024      0.399999976               1
 -0.500000000      0.500000000               1
 -0.400000006      0.600000024               1
 -0.300000012      0.699999988               1
 -0.200000003      0.800000012               1
 -0.100000001      0.899999976               1
   0.00000000       1.00000000               1
  0.100000001       1.10000002               1
  0.200000003       1.20000005               1
  0.300000012       1.29999995               1
  0.400000006       1.39999998               1
  0.500000000       1.50000000               1
  0.600000024       1.60000002               1
  0.699999988       1.70000005               1
  0.800000012       1.79999995               1
  0.900000036       1.90000010               1
   1.00000000       2.00000000               1
   1.10000002       2.09999990               1
   1.20000005       2.20000005               1
   1.30000007       2.30000019               1
   1.39999998       2.40000010               1
   1.50000000       2.50000000               1
   1.60000002       2.59999990               1
   1.70000005       2.70000005               1
   1.80000007       2.80000019               1
   1.89999998       2.90000010               1
   2.00000000       3.00000000               1
   2.10000014       3.10000014               1
   2.20000005       3.20000005               1
   2.29999995       3.29999995               1
   2.40000010       3.40000010               1
   2.50000000       3.50000000               1
   2.60000014       3.60000014               1
   2.70000005       3.70000005               1
   2.79999995       3.79999995               1
   2.90000010       3.90000010               1
   3.00000000       4.00000000               1
   3.10000014       4.10000038               1
   3.20000005       4.19999981               1
   3.29999995       4.30000019               1
   3.40000010       4.40000010               1
   3.50000000       4.50000000               1
   3.60000014       4.60000038               1
   3.70000005       4.69999981               1
   3.79999995       4.80000019               1
   3.90000010       4.90000010               1
   4.00000000       5.00000000               1
