  -4.00000000       5.00000000               2
  -3.90000010       4.70500040               2
  -3.79999995       4.42000008               2
  -3.70000005       4.14500046               2
  -3.60000014       3.88000035               2
  -3.50000000       3.62500000               2
  -3.40000010       3.38000011               2
  -3.29999995       3.14499974               2
  -3.20000005       2.92000031               2
  -3.10000014       2.70500016               2
  -3.00000000       2.50000000               2
  -2.90000010       2.30500031               2
  -2.79999995       2.11999989               2
  -2.70000005       1.94500017               2
  -2.60000014       1.78000021               2
  -2.50000000       1.62500000               2
  -2.40000010       1.48000002               2
  -2.29999995       1.34500003               2
  -2.20000005       1.22000003               2
  -2.10000014       1.10500026               2
  -2.00000000       1.00000000               2
  -1.89999998      0.904999971               2
  -1.80000007      0.820000052               2
  -1.70000005      0.745000005               2
  -1.60000002      0.680000067               2
  -1.50000000      0.625000000               2
  -1.39999998      0.579999983               2
  -1.30000007      0.545000017               2
  -1.20000005      0.519999981               2
  -1.10000002      0.504999995               2
  -1.00000000      0.500000000               2
 -0.900000036      0.504999995               2
 -0.800000012      0.519999981               2
 -0.699999988      0.545000017               2
 -0.600000024      0.579999983               2
 -0.500000000      0.625000000               2
 -0.400000006      0.680000007               2
 -0.300000012      0.745000005               2
 -0.200000003      0.819999993               2
 -0.100000001      0.904999971               2
   0.00000000       1.00000000               2
  0.100000001       1.10500002               2
  0.200000003       1.22000003               2
  0.300000012       1.34499991               2
  0.400000006       1.48000002               2
  0.500000000       1.62500000               2
  0.600000024       1.77999997               2
  0.699999988       1.94500005               2
  0.800000012       2.11999989               2
  0.900000036       2.30500007               2
   1.00000000       2.50000000               2
   1.10000002       2.70499992               2
   1.20000005       2.92000008               2
   1.30000007       3.14500022               2
   1.39999998       3.38000011               2
   1.50000000       3.62500000               2
   1.60000002       3.88000011               2
   1.70000005       4.14499998               2
   1.80000007       4.42000008               2
   1.89999998       4.70499992               2
   2.00000000       5.00000000               2
   2.10000014       5.30500031               2
   2.20000005       5.61999989               2
   2.29999995       5.94499969               2
   2.40000010       6.28000021               2
   2.50000000       6.62500000               2
   2.60000014       6.98000050               2
   2.70000005       7.34500027               2
   2.79999995       7.71999979               2
   2.90000010       8.10500050               2
   3.00000000       8.50000000               2
   3.10000014       8.90500069               2
   3.20000005       9.31999969               2
   3.29999995       9.74499989               2
   3.40000010       10.1800003               2
   3.50000000       10.6250000               2
   3.60000014       11.0800009               2
   3.70000005       11.5450001               2
   3.79999995       12.0200005               2
   3.90000010       12.5050011               2
   4.00000000       13.0000000               2
