  -4.00000000       2.15555525               6
  -3.90000010       1.82629919               6
  -3.79999995       1.54165840               6
  -3.70000005       1.29668355               6
  -3.60000014       1.08686113               6
  -3.50000000      0.908094645               6
  -3.40000010      0.756676435               6
  -3.29999995      0.629260182               6
  -3.20000005      0.522838950               6
  -3.10000014      0.434718966               6
  -3.00000000      0.362499952               6
  -2.90000010      0.304051876               6
  -2.79999995      0.257494628               6
  -2.70000005      0.221179307               6
  -2.60000014      0.193668514               6
  -2.50000000      0.173719615               6
  -2.40000010      0.160268784               6
  -2.29999995      0.152414396               6
  -2.20000005      0.149402723               6
  -2.10000014      0.150615394               6
  -2.00000000      0.155555516               6
  -1.89999998      0.163837373               6
  -1.80000007      0.175175190               6
  -1.70000005      0.189373821               6
  -1.60000002      0.206320390               6
  -1.50000000      0.225976557               6
  -1.39999998      0.248372346               6
  -1.30000007      0.273600310               6
  -1.20000005      0.301811159               6
  -1.10000002      0.333210409               6
  -1.00000000      0.368055522               6
 -0.900000036      0.406654835               6
 -0.800000012      0.449366719               6
 -0.699999988      0.496600330               6
 -0.600000024      0.548816741               6
 -0.500000000      0.606532156               6
 -0.400000006      0.670320332               6
 -0.300000012      0.740818262               6
 -0.200000003      0.818730652               6
 -0.100000001      0.904837430               6
   0.00000000       1.00000000               6
  0.100000001       1.10517097               6
  0.200000003       1.22140276               6
  0.300000012       1.34985864               6
  0.400000006       1.49182439               6
  0.500000000       1.64871967               6
  0.600000024       1.82211280               6
  0.699999988       2.01373482               6
  0.800000012       2.22549462               6
  0.900000036       2.45949650               6
   1.00000000       2.71805573               6
   1.10000002       3.00371861               6
   1.20000005       3.31928349               6
   1.30000007       3.66781616               6
   1.39999998       4.05267620               6
   1.50000000       4.47753906               6
   1.60000002       4.94641638               6
   1.70000005       5.46368361               6
   1.80000007       6.03410339               6
   1.89999998       6.66285372               6
   2.00000000       7.35555601               6
   2.10000014       8.11830044               6
   2.20000005       8.95767403               6
   2.29999995       9.88080406               6
   2.40000010       10.8953743               6
   2.50000000       12.0096579               6
   2.60000014       13.2325659               6
   2.70000005       14.5736647               6
   2.79999995       16.0432224               6
   2.90000010       17.6522446               6
   3.00000000       19.4125004               6
   3.10000014       21.3365822               6
   3.20000005       23.4379139               6
   3.29999995       25.7308235               6
   3.40000010       28.2305813               6
   3.50000000       30.9534073               6
   3.60000014       33.9165611               6
   3.70000005       37.1383476               6
   3.79999995       40.6381836               6
   3.90000010       44.4366722               6
   4.00000000       48.5555573               6
