  -4.00000000      -3.53333378               5
  -3.90000010      -3.06084585               5
  -3.79999995      -2.64019728               5
  -3.70000005      -2.26682568               5
  -3.60000014      -1.93644834               5
  -3.50000000      -1.64505196               5
  -3.40000010      -1.38888550               5
  -3.29999995      -1.16444516               5
  -3.20000005     -0.968469381               5
  -3.10000014     -0.797925472               5
  -3.00000000     -0.650000095               5
  -2.90000010     -0.522091866               5
  -2.79999995     -0.411797404               5
  -2.70000005     -0.316904783               5
  -2.60000014     -0.235381305               5
  -2.50000000     -0.165364623               5
  -2.40000010     -0.105152071               5
  -2.29999995      -5.31909466E-02           5
  -2.20000005      -8.06939602E-03           5
  -2.10000014       3.14957201E-02           5
  -2.00000000       6.66666329E-02           5
  -1.89999998       9.84958857E-02           5
  -1.80000007      0.127935976               5
  -1.70000005      0.155849412               5
  -1.60000002      0.183018699               5
  -1.50000000      0.210156247               5
  -1.39999998      0.237914652               5
  -1.30000007      0.266896397               5
  -1.20000005      0.297663957               5
  -1.10000002      0.330749899               5
  -1.00000000      0.366666645               5
 -0.900000036      0.405916721               5
 -0.800000012      0.449002624               5
 -0.699999988      0.496436924               5
 -0.600000024      0.548751950               5
 -0.500000000      0.606510460               5
 -0.400000006      0.670314670               5
 -0.300000012      0.740817249               5
 -0.200000003      0.818730593               5
 -0.100000001      0.904837430               5
   0.00000000       1.00000000               5
  0.100000001       1.10517097               5
  0.200000003       1.22140265               5
  0.300000012       1.34985769               5
  0.400000006       1.49181867               5
  0.500000000       1.64869797               5
  0.600000024       1.82204795               5
  0.699999988       2.01357150               5
  0.800000012       2.22513056               5
  0.900000036       2.45875835               5
   1.00000000       2.71666694               5
   1.10000002       3.00125813               5
   1.20000005       3.31513619               5
   1.30000007       3.66111231               5
   1.39999998       4.04221869               5
   1.50000000       4.46171856               5
   1.60000002       4.92311478               5
   1.70000005       5.43015909               5
   1.80000007       5.98686409               5
   1.89999998       6.59751225               5
   2.00000000       7.26666689               5
   2.10000014       7.99918032               5
   2.20000005       8.80020237               5
   2.29999995       9.67519855               5
   2.40000010       10.6299534               5
   2.50000000       11.6705732               5
   2.60000014       12.8035164               5
   2.70000005       14.0355806               5
   2.79999995       15.3739300               5
   2.90000010       16.8261013               5
   3.00000000       18.3999996               5
   3.10000014       20.1039371               5
   3.20000005       21.9466057               5
   3.29999995       23.9371185               5
   3.40000010       26.0850201               5
   3.50000000       28.4002609               5
   3.60000014       30.8932533               5
   3.70000005       33.5748367               5
   3.79999995       36.4563293               5
   3.90000010       39.5495262               5
   4.00000000       42.8666687               5
