  -4.00000000      0.530158401               8
  -3.90000010      0.430844784               8
  -3.79999995      0.349829555               8
  -3.70000005      0.284265161               8
  -3.60000014      0.231696427               8
  -3.50000000      0.190022171               8
  -3.40000010      0.157451630               8
  -3.29999995      0.132467866               8
  -3.20000005      0.113794386               8
  -3.10000014      0.100364149               8
  -3.00000000       9.12945867E-02           8
  -2.90000010       8.58613923E-02           8
  -2.79999995       8.34786892E-02           8
  -2.70000005       8.36796016E-02           8
  -2.60000014       8.60995948E-02           8
  -2.50000000       9.04623270E-02           8
  -2.40000010       9.65677723E-02           8
  -2.29999995      0.104280718               8
  -2.20000005      0.113521576               8
  -2.10000014      0.124260165               8
  -2.00000000      0.136507899               8
  -1.89999998      0.150314018               8
  -1.80000007      0.165761083               8
  -1.70000005      0.182962283               8
  -1.60000002      0.202059507               8
  -1.50000000      0.223222122               8
  -1.39999998      0.246646821               8
  -1.30000007      0.272557616               8
  -1.20000005      0.301206857               8
  -1.10000002      0.332876921               8
  -1.00000000      0.367881894               8
 -0.900000036      0.406570613               8
 -0.800000012      0.449329287               8
 -0.699999988      0.496585429               8
 -0.600000024      0.548811615               8
 -0.500000000      0.606530726               8
 -0.400000006      0.670320034               8
 -0.300000012      0.740818202               8
 -0.200000003      0.818730652               8
 -0.100000001      0.904837430               8
   0.00000000       1.00000000               8
  0.100000001       1.10517097               8
  0.200000003       1.22140276               8
  0.300000012       1.34985864               8
  0.400000006       1.49182475               8
  0.500000000       1.64872134               8
  0.600000024       1.82211876               8
  0.699999988       2.01375270               8
  0.800000012       2.22554040               8
  0.900000036       2.45960212               8
   1.00000000       2.71827888               8
   1.10000002       3.00415850               8
   1.20000005       3.32010102               8
   1.30000007       3.66926360               8
   1.39999998       4.05513382               8
   1.50000000       4.48156452               8
   1.60000002       4.95280790               8
   1.70000005       5.47355509               8
   1.80000007       6.04898405               8
   1.89999998       6.68480158               8
   2.00000000       7.38730192               8
   2.10000014       8.16341686               8
   2.20000005       9.02077484               8
   2.29999995       9.96778297               8
   2.40000010       11.0136766               8
   2.50000000       12.1686039               8
   2.60000014       13.4437199               8
   2.70000005       14.8512592               8
   2.79999995       16.4046402               8
   2.90000010       18.1185741               8
   3.00000000       20.0091534               8
   3.10000014       22.0939980               8
   3.20000005       24.3923512               8
   3.29999995       26.9252396               8
   3.40000010       29.7156162               8
   3.50000000       32.7884827               8
   3.60000014       36.1710854               8
   3.70000005       39.8930664               8
   3.79999995       43.9866524               8
   3.90000010       48.4868965               8
   4.00000000       53.4317474               8
