  -4.00000000       5.00000000               4
  -3.90000010       4.45783854               4
  -3.79999995       3.96273327               4
  -3.70000005       3.51183796               4
  -3.60000014       3.10240054               4
  -3.50000000       2.73177099               4
  -3.40000010       2.39740038               4
  -3.29999995       2.09683728               4
  -3.20000005       1.82773376               4
  -3.10000014       1.58783770               4
  -3.00000000       1.37500000               4
  -2.90000010       1.18717098               4
  -2.79999995       1.02239990               4
  -2.70000005      0.878837585               4
  -2.60000014      0.754733562               4
  -2.50000000      0.648437500               4
  -2.40000010      0.558400035               4
  -2.29999995      0.483170867               4
  -2.20000005      0.421400011               4
  -2.10000014      0.371837616               4
  -2.00000000      0.333333313               4
  -1.89999998      0.304837465               4
  -1.80000007      0.285400003               4
  -1.70000005      0.274170846               4
  -1.60000002      0.270400047               4
  -1.50000000      0.273437500               4
  -1.39999998      0.282733321               4
  -1.30000007      0.297837496               4
  -1.20000005      0.318399966               4
  -1.10000002      0.344170809               4
  -1.00000000      0.374999970               4
 -0.900000036      0.410837471               4
 -0.800000012      0.451733291               4
 -0.699999988      0.497837514               4
 -0.600000024      0.549399972               4
 -0.500000000      0.606770873               4
 -0.400000006      0.670400023               4
 -0.300000012      0.740837514               4
 -0.200000003      0.818733275               4
 -0.100000001      0.904837489               4
   0.00000000       1.00000000               4
  0.100000001       1.10517085               4
  0.200000003       1.22140002               4
  0.300000012       1.34983742               4
  0.400000006       1.49173331               4
  0.500000000       1.64843750               4
  0.600000024       1.82139993               4
  0.699999988       2.01217103               4
  0.800000012       2.22239995               4
  0.900000036       2.45383763               4
   1.00000000       2.70833349               4
   1.10000002       2.98783731               4
   1.20000005       3.29440022               4
   1.30000007       3.63017130               4
   1.39999998       3.99740005               4
   1.50000000       4.39843750               4
   1.60000002       4.83573341               4
   1.70000005       5.31183767               4
   1.80000007       5.82940006               4
   1.89999998       6.39117050               4
   2.00000000       7.00000000               4
   2.10000014       7.65883827               4
   2.20000005       8.37073326               4
   2.29999995       9.13883686               4
   2.40000010       9.96640110               4
   2.50000000       10.8567715               4
   2.60000014       11.8134012               4
   2.70000005       12.8398380               4
   2.79999995       13.9397326               4
   2.90000010       15.1168385               4
   3.00000000       16.3750000               4
   3.10000014       17.7181740               4
   3.20000005       19.1504021               4
   3.29999995       20.6758366               4
   3.40000010       22.2987347               4
   3.50000000       24.0234375               4
   3.60000014       25.8544044               4
   3.70000005       27.7961731               4
   3.79999995       29.8533993               4
   3.90000010       32.0308418               4
   4.00000000       34.3333359               4
