   0.00000000       0.00000000               1
   2.89777732      0.727457106               1
   5.79555464       1.35691428               1
   8.69333267       1.88837147               1
   11.5911093       2.32182837               1
   14.4888868       2.65728569               1
   17.3866653       2.89474297               1
   20.2844410       3.03419971               1
   23.1822186       3.07565689               1
   26.0799980       3.01911402               1
   28.9777737       2.86457109               1
   31.8755512       2.61202765               1
   34.7733307       2.26148558               1
   37.6711082       1.81294155               1
   40.5688820       1.26639938               1
   43.4666595      0.621855736               1
   46.3644371     -0.120686531               1
  
   0.00000000       0.00000000               2
   2.59807634       1.45099998               2
   5.19615269       2.80399990               2
   7.79422903       4.05900002               2
   10.3923054       5.21600008               2
   12.9903812       6.27500010               2
   15.5884581       7.23600006               2
   18.1865330       8.09899998               2
   20.7846107       8.86400032               2
   23.3826866       9.53100014               2
   25.9807625       10.1000004               2
   28.5788403       10.5709991               2
   31.1769161       10.9440002               2
   33.7749939       11.2190008               2
   36.3730659       11.3959999               2
   38.9711456       11.4749994               2
   41.5692215       11.4559994               2
   44.1672974       11.3389997               2
   46.7653732       11.1240005               2
   49.3634491       10.8109989               2
   51.9615250       10.3999996               2
   54.5596046       9.89099884               2
   57.1576805       9.28399849               2
   59.7557526       8.57899857               2
   62.3538322       7.77599907               2
   64.9519043       6.87500000               2
   67.5499878       5.87599945               2
   70.1480637       4.77899933               2
   72.7461319       3.58399963               2
   75.3442154       2.29099655               2
   77.9422913      0.899997711               2
   80.5403671     -0.589000702               2
  
   0.00000000       0.00000000               3
   2.12132049       2.07232046               3
   4.24264097       4.04664087               3
   6.36396122       5.92296124               3
   8.48528194       7.70128202               3
   10.6066017       9.38160133               3
   12.7279224       10.9639225               3
   14.8492422       12.4482422               3
   16.9705639       13.8345642               3
   19.0918846       15.1228848               3
   21.2132034       16.3132038               3
   23.3345242       17.4055233               3
   25.4558449       18.3998451               3
   27.5771656       19.2961655               3
   29.6984844       20.0944843               3
   31.8198051       20.7948036               3
   33.9411278       21.3971272               3
   36.0624466       21.9014473               3
   38.1837692       22.3077679               3
   40.3050842       22.6160831               3
   42.4264069       22.8264065               3
   44.5477295       22.9387264               3
   46.6690483       22.9530468               3
   48.7903671       22.8693657               3
   50.9116898       22.6876888               3
   53.0330086       22.4080086               3
   55.1543312       22.0303268               3
   57.2756500       21.5546494               3
   59.3969688       20.9809685               3
   61.5182915       20.3092880               3
   63.6396103       19.5396080               3
   65.7609329       18.6719284               3
   67.8822556       17.7062531               3
   70.0035706       16.6425705               3
   72.1248932       15.4808922               3
   74.2462158       14.2212181               3
   76.3675385       12.8635330               3
   78.4888535       11.4078522               3
   80.6101685       9.85416412               3
   82.7314987       8.20249176               3
   84.8528137       6.45281219               3
   86.9741287       4.60513306               3
   89.0954590       2.65944672               3
   91.2167816      0.615768433               3
   93.3380966      -1.52590942               3
  
   0.00000000       0.00000000               4
   1.49999988       2.54907632               4
   2.99999976       5.00015259               4
   4.50000000       7.35322905               4
   5.99999952       9.60830498               4
   7.49999952       11.7653809               4
   9.00000000       13.8244581               4
   10.4999990       15.7855330               4
   11.9999990       17.6486111               4
   13.5000000       19.4136868               4
   14.9999990       21.0807629               4
   16.5000000       22.6498394               4
   18.0000000       24.1209164               4
   19.5000000       25.4939919               4
   20.9999981       26.7690659               4
   22.4999981       27.9461441               4
   23.9999981       29.0252209               4
   25.5000000       30.0062981               4
   27.0000000       30.8893719               4
   28.4999981       31.6744480               4
   29.9999981       32.3615265               4
   31.5000000       32.9505997               4
   33.0000000       33.4416809               4
   34.4999962       33.8347511               4
   36.0000000       34.1298294               4
   37.4999962       34.3269043               4
   39.0000000       34.4259834               4
   40.5000000       34.4270630               4
   41.9999962       34.3301315               4
   43.5000000       34.1352119               4
   44.9999962       33.8422890               4
   46.5000000       33.4513626               4
   47.9999962       32.9624405               4
   49.4999962       32.3755112               4
   51.0000000       31.6905937               4
   52.4999962       30.9076729               4
   54.0000000       30.0267410               4
   55.4999962       29.0478210               4
   56.9999962       27.9708939               4
   58.4999962       26.7959671               4
   59.9999962       25.5230484               4
   61.4999962       24.1521301               4
   63.0000000       22.6831970               4
   64.5000000       21.1162720               4
   66.0000000       19.4513550               4
   67.4999924       17.6884232               4
   68.9999924       15.8274994               4
   70.5000000       13.8685684               4
   72.0000000       11.8116608               4
   73.5000000       9.65673828               4
   74.9999924       7.40380859               4
   76.4999924       5.05289459               4
   78.0000000       2.60395813               4
   79.5000000       5.70373535E-02           4
   81.0000000      -2.58787537               4
  
   0.00000000       0.00000000               5
  0.776457250       2.84877729               5
   1.55291450       5.59955454               5
   2.32937169       8.25233269               5
   3.10582900       10.8071089               5
   3.88228607       13.2638865               5
   4.65874338       15.6226654               5
   5.43520021       17.8834419               5
   6.21165800       20.0462189               5
   6.98811531       22.1109982               5
   7.76457214       24.0777740               5
   8.54102993       25.9465504               5
   9.31748676       27.7173309               5
   10.0939445       29.3901062               5
   10.8704004       30.9648819               5
   11.6468582       32.4416580               5
   12.4233160       33.8204346               5
   13.1997728       35.1012192               5
   13.9762306       36.2839966               5
   14.7526865       37.3687668               5
   15.5291443       38.3555450               5
   16.3056030       39.2443237               5
   17.0820599       40.0351028               5
   17.8585148       40.7278786               5
   18.6349735       41.3226624               5
   19.4114304       41.8194351               5
   20.1878891       42.2182121               5
   20.9643459       42.5189896               5
   21.7408009       42.7217636               5
   22.5172596       42.8265419               5
   23.2937164       42.8333168               5
   24.0701752       42.7420959               5
   24.8466320       42.5528717               5
   25.6230869       42.2656479               5
   26.3995457       41.8804359               5
   27.1760025       41.3972130               5
   27.9524612       40.8159866               5
   28.7289181       40.1367645               5
   29.5053730       39.3595352               5
   30.2818317       38.4843140               5
   31.0582886       37.5110931               5
   31.8347454       36.4398727               5
   32.6112061       35.2706451               5
   33.3876610       34.0034180               5
   34.1641197       32.6381989               5
   34.9405746       31.1749725               5
   35.7170296       29.6137543               5
   36.4934921       27.9545212               5
   37.2699471       26.1973190               5
   38.0464058       24.3420868               5
   38.8228607       22.3888702               5
   39.5993156       20.3376389               5
   40.3757782       18.1884155               5
   41.1522331       15.9411926               5
   41.9286919       13.5959778               5
   42.7051468       11.1527557               5
   43.4816017       8.61152649               5
   44.2580643       5.97230530               5
   45.0345192       3.23507690               5
   45.8109779      0.399856567               5
   46.5874329      -2.53337097               5
  
  -0.00000000       0.00000000               6
  -1.31134172E-07   2.95099998               6
  -2.62268344E-07   5.80399990               6
  -3.93402502E-07   8.55900002               6
  -5.24536688E-07   11.2159996               6
  -6.55670817E-07   13.7749996               6
  -7.86805003E-07   16.2360001               6
  -9.17939133E-07   18.5989990               6
  -1.04907338E-06   20.8640003               6
  -1.18020751E-06   23.0310020               6
  -1.31134163E-06   25.1000004               6
  -1.44247588E-06   27.0709991               6
  -1.57361001E-06   28.9440002               6
  -1.70474425E-06   30.7190018               6
  -1.83587827E-06   32.3959999               6
  -1.96701239E-06   33.9749985               6
  -2.09814675E-06   35.4560013               6
  -2.22928088E-06   36.8390007               6
  -2.36041501E-06   38.1240005               6
  -2.49154914E-06   39.3109970               6
  -2.62268327E-06   40.4000015               6
  -2.75381763E-06   41.3909988               6
  -2.88495175E-06   42.2839966               6
  -3.01608566E-06   43.0789986               6
  -3.14722001E-06   43.7760010               6
  -3.27835414E-06   44.3750000               6
  -3.40948850E-06   44.8760033               6
  -3.54062240E-06   45.2789993               6
  -3.67175653E-06   45.5839996               6
  -3.80289089E-06   45.7909966               6
  -3.93402479E-06   45.8999977               6
  -4.06515937E-06   45.9110031               6
  -4.19629350E-06   45.8239975               6
  -4.32742718E-06   45.6389999               6
  -4.45856176E-06   45.3559990               6
  -4.58969589E-06   44.9750023               6
  -4.72083002E-06   44.4960022               6
  -4.85196415E-06   43.9189987               6
  -4.98309828E-06   43.2439957               6
  -5.11423241E-06   42.4709930               6
  -5.24536654E-06   41.5999985               6
  -5.37650067E-06   40.6310043               6
  -5.50763525E-06   39.5639954               6
  -5.63876938E-06   38.3989868               6
  -5.76990351E-06   37.1359940               6
  -5.90103718E-06   35.7749939               6
  -6.03217131E-06   34.3159943               6
  -6.16330590E-06   32.7589951               6
  -6.29444003E-06   31.1039963               6
  -6.42557416E-06   29.3509979               6
  -6.55670829E-06   27.5000000               6
  -6.68784241E-06   25.5510025               6
  -6.81897700E-06   23.5039978               6
  -6.95011113E-06   21.3589935               6
  -7.08124480E-06   19.1159973               6
  -7.21237893E-06   16.7749939               6
  -7.34351306E-06   14.3359985               6
  -7.47464765E-06   11.7989960               6
  -7.60578178E-06   9.16398621               6
  -7.73691590E-06   6.43098450               6
  -7.86804958E-06   3.59999084               6
  -7.99918416E-06  0.671005249               6
  -8.13031875E-06  -2.35600281               6
  
